0.498241 0.0341948 0.171309
0.98336 0.152826 0.342618
1.44115 0.352419 0.513927
1.85822 0.627133 0.685237
2.23239 0.958495 0.784142
2.58639 1.3116 0.784142
2.94039 1.66471 0.784142
3.29438 2.01782 0.784142
3.64838 2.37093 0.784142
4.00238 2.72404 0.784142
4.35638 3.07715 0.784142
4.71037 3.43026 0.784142
5.06437 3.78337 0.784142
5.41837 4.13648 0.784142
5.77237 4.48959 0.784142
6.12636 4.84269 0.784142
6.48036 5.1958 0.784142
6.83436 5.54891 0.784142
7.18835 5.90202 0.784142
7.54235 6.25513 0.784142
7.89635 6.60824 0.784142
8.22495 6.98432 0.955451
8.49834 7.40276 1.04702
8.74548 7.8374 1.06389
8.98625 8.27561 1.07512
9.22109 8.71702 1.09199
9.44743 9.16284 1.11454
9.66263 9.61415 1.14283
9.85831 10.0742 1.2073
10.0035 10.552 1.37861
10.0651 11.0476 1.54992
10.0592 10.5477 1.57248
10.028 10.0492 1.41203
9.97328 9.55246 1.53479
9.98329 10.0523 1.57473
